[LEFT_CAM_2K]
fx=1912.64
fy=1912.7
cx=1130.43
cy=709.383
k1=-0.05881
k2=-0.0676074
p1=5.29686e-05
p2=-8.11843e-05
k3=0

[RIGHT_CAM_2K]
fx=1904.88
fy=1905.24
cx=1143.32
cy=647.789
k1=-0.0577915
k2=-0.0683043
p1=9.47031e-05
p2=-0.000243419
k3=0

[LEFT_CAM_FHD]
fx=1912.64
fy=1912.7
cx=986.43
cy=628.383
k1=-0.05881
k2=-0.0676074
p1=5.29686e-05
p2=-8.11843e-05
k3=0

[RIGHT_CAM_FHD]
fx=1904.88
fy=1905.24
cx=999.32
cy=566.789
k1=-0.0577915
k2=-0.0683043
p1=9.47031e-05
p2=-0.000243419
k3=0

[LEFT_CAM_HD]
fx=956.32
fy=956.35
cx=651.715
cy=402.6915
k1=-0.05881
k2=-0.0676074
p1=5.29686e-05
p2=-8.11843e-05
k3=0

[RIGHT_CAM_HD]
fx=952.44
fy=952.62
cx=658.16
cy=371.8945
k1=-0.0577915
k2=-0.0683043
p1=9.47031e-05
p2=-0.000243419
k3=0

[LEFT_CAM_VGA]
fx=478.16
fy=478.175
cx=341.3575
cy=208.84575
k1=-0.05881
k2=-0.0676074
p1=5.29686e-05
p2=-8.11843e-05
k3=0

[RIGHT_CAM_VGA]
fx=476.22
fy=476.31
cx=344.58
cy=193.44725
k1=-0.0577915
k2=-0.0683043
p1=9.47031e-05
p2=-0.000243419
k3=0

[LEFT_DISTO]
k1=-0.05881
k2=-0.0676074
k3=0
k4=0
k5=0
k6=0
p1=5.29686e-05
p2=-8.11843e-05

[RIGHT_DISTO]
k1=-0.0577915
k2=-0.0683043
k3=0
k4=0
k5=0
k6=0
p1=9.47031e-05
p2=-0.000243419

[STEREO]
Baseline=119.827
TY=-0.403665
TZ=0.308834
CV_2K=0.00485998
CV_FHD=0.00485998
CV_HD=0.00485998
CV_VGA=0.00485998
RX_2K=0.000588672
RX_FHD=0.000588672
RX_HD=0.000588672
RX_VGA=0.000588672
RZ_2K=0.00235258
RZ_FHD=0.00235258
RZ_HD=0.00235258
RZ_VGA=0.00235258

